fdens_coeffs:
  amplitude: 0.5587902377891998
  amplitude_uncertainty: 0.0007004001770726845
  shape: 0.9600843019855712
  shape_uncertainty: 0.0203644364473208
  width: 2.0202909123418564
  width_uncertainty: 0.034627307581893293
fmom_coeffs:
  amplitude: 0.8858680262857901
  amplitude_uncertainty: 0.0008756354450636951
  shape: 0.8282317221339126
  shape_uncertainty: 0.007382374847829079
  width: 3.826323203674686
  width_uncertainty: 0.03630461859600736
fpow_coeffs:
  amplitude: 0.8532146638424293
  amplitude_uncertainty: 0.0019226729423024054
  shape: 0.964154793602381
  shape_uncertainty: 0.01384252206652378
  width: 5.195881282744307
  width_uncertainty: 0.0848098848942261
